10103 10278
10118 10655
10352 10693
10362 10754
10543 11281
10585 11281
10703 11281
10789 11281
10938 11281
11014 11281
11026 11281
11193 11281
11281 11467
11287 11486
11303 11902
11417 11962
11460 12050
11645 12163
11976 12234
11991 12666
12177 13317
12247 13414
12354 13508
12451 13603
12501 13799
12615 13869
12676 14092
12701 14238
12706 14301
12721 14420
13062 14699
13144 14738
13469 15010
13547 15454
13596 15479
13628 15483
13637 15655
13687 15683
13728 15786
13756 15952
13852 15995
13881 16132
14033 16310
14173 16484
14217 16584
14262 16584
14274 16584
14285 16584
14340 16584
14563 16584
14607 16584
14651 16584
14659 16584
14766 16584
14806 16584
15018 16584
15078 16584
15178 16584
15411 16584
15472 16584
15532 16707
15636 16957
15693 17111
15814 17433
15895 17448
16234 17515
16286 17549
16301 17559
16402 17584
16428 17824
16584 18145
16913 18199
16962 18336
17050 18429
17134 18574
17139 18594
17163 18633
17281 18713
17294 18854
17384 18855
17471 18860
17494 19248
17508 19248
17601 19248
17692 19248
17750 19248
17770 19248
17783 19248
17907 19248
17925 19248
17967 19248
18010 19248
18041 19248
18088 19248
18099 19248
18191 19248
18196 19312
18207 19383
18213 19553
18263 19585
18807 19602
18816 19613
19020 20044
19042 20264
19067 20387
19074 20403
19106 20847
19190 20978
19242 21022
19248 21116
19287 21222
19377 21349
19380 21349
19457 21349
19636 21380
19677 21428
19781 21533
19916 21840
20108 21881
20250 21963
20256 22018
20307 22327
20324 22408
20491 22491
20706 22809
20721 23003
20945 23109
20999 23142
21030 23346
21111 23540
21349 23548
21468 23607
21552 23607
21580 23607
21607 23607
21774 23607
22601 23607
22631 23607
22638 23645
22768 24024
22792 24052
22811 24091
22859 24213
22914 24213
22915 24213
22980 24213
23117 24213
23127 24213
23229 24213
23366 24213
23561 24213
23570 24213
23607 24213
23613 24213
23862 24213
23922 24213
23970 24213
24075 24213
24076 24213
24147 24213
24213 24213
24244 24378
24299 24400
24514 24574
24626 24892
24662 24995
24683 25287
25370 25433
25401 25512
25470 25561
25546 25607
25565 25610
25764 25613
25926 25910
25968 26039
26011 26039
26039 26039
26107 26039
26448 26039
26456 26039
26622 26039
26650 26039
26692 26039
26771 26039
26809 26039
26952 26039
27035 26039
27088 26099
27210 26123
27237 26336
27242 26354
27418 26438
27491 26483
27509 26562
27550 26898
27572 26920
27659 26973
27662 27009
27717 27060
27749 27064
28107 27117
28199 27333
28219 27461
28604 27659
28654 27659
28757 27659
28879 27659
28975 27659
29053 27659
29087 27659
29152 27659
29161 27659
29242 27659
29258 27659
29321 27659
29460 27659
29504 27659
29655 27659
29755 27659
29810 27659
29912 27895
29975 28061
30035 28103
30273 28624
30299 28798
30550 28915
30591 28917
30683 29267
30806 29384
30970 29411
30972 29531
30986 29548
31094 29638
31183 29719
31231 29755
31335 29755
31347 29755
31485 29802
31497 29958
31546 29980
31697 30420
31751 30473
31904 30534
32127 30562
32154 30583
32162 30593
32166 30992
32248 31023
32350 31031
32357 31322
32452 31421
32763 31427
32809 31592
32881 31642
33069 31792
33187 32248
33339 32248
33347 32248
33385 32248
33392 32248
33397 32248
33434 32248
33599 32248
33600 32248
33674 32248
33691 32248
33791 32248
34027 32248
34172 32248
34227 32248
34256 32349
34341 32827
34409 32857
34461 32899
34514 33070
34561 33179
34672 33189
34709 33392
34871 33392
34884 33392
34897 33392
34947 33392
34973 33392
34989 33392
34991 33448
35263 33470
35289 33554
35354 33782
35487 33931
35813 34264
35851 34268
35874 34476
35927 34507
35971 34555
36043 34665
36127 34960
36168 35096
36232 35862
36402 35927
36480 36437
36647 36484
36662 36895
36852 36929
37050 37303
37288 37546
37323 37602
37383 37652
37384 37790
37417 37792
37505 37792
37527 37792
37543 37792
37587 37792
37629 37792
37637 37792
37785 37792
37792 37792
37817 37792
38128 37792
38199 38039
38230 38061
38274 38350
38342 38540
38366 38784
38403 38854
38496 39048
38550 39108
38625 39242
38755 39313
38885 39401
38901 39479
38932 39569
38943 39577
39113 39621
39118 39716
39121 39811
39189 39842
39348 39865
39355 39995
39525 39995
39715 39995
39995 39995
40419 39995
40513 40218
40530 40419
40566 40419
40593 40419
40647 40590
40749 40593
40785 40593
40876 40593
40924 40593
41014 40593
41173 40593
41244 40593
41248 40593
41283 40593
41369 40593
41791 40593
42129 40593
42355 40593
42487 40593
42491 40593
42554 40593
42566 40593
42737 40593
42749 40593
42951 40593
43169 40668
43190 40784
43231 41078
43412 41305
43496 41627
43564 41741
43868 41914
43926 42027
44044 42106
44255 42491
44386 42491
44457 42491
44478 42491
44546 42491
44593 42491
44759 42491
44836 42491
45015 42491
45158 42491
45243 42645
45275 42838
45491 43004
45555 43287
45586 43648
45940 43728
46032 43939
46057 44178
46111 44236
46135 44313
46307 44402
46339 44460
46427 44687
46482 44773
46535 44964
46554 44991
46662 44994
46667 45056
46709 45124
46768 45146
46867 45400
47010 46056
47033 46149
47135 46244
47224 46509
47363 46535
47391 46535
47402 46539
47465 46825
47754 46835
47924 46910
48049 47475
48063 47514
48125 47697
48167 47751
48375 47864
48391 48235
48561 48248
48599 48481
48647 48578
48654 48806
48718 48888
48724 48962
48737 48962
48759 48962
48843 48962
48846 48962
48886 48962
48948 48962
48962 48962
49033 48962
49044 48962
49105 48962
49171 48962
49180 48962
49214 48963
49291 49344
49374 49455
49470 49549
49492 49601
49604 49647
49683 49656
49763 49759
49899 49819
49980 49866
50088 49880
50118 49918
50171 49971
50272 50019
50583 50284
50618 50427
50689 50527
50693 50558
50740 50583
50820 50583
50919 50583
50931 50583
50942 50583
50993 50583
51313 50583
51352 50583
51520 50583
51560 50583
51732 50583
51782 50583
51787 50583
51813 50583
51880 50583
51948 50583
52010 50982
52085 51020
52120 51045
52238 51105
52428 51123
52456 51146
52517 51170
52594 51358
52600 51560
52618 51560
52772 51560
52816 51560
52912 51560
53011 51560
53094 51560
53109 51560
53116 51560
53248 51560
53395 51560
53406 51560
53600 51560
53675 51560
53981 51560
54042 51560
54243 51596
54308 51615
54727 51907
54832 52280
54948 52542
54960 52664
54979 52698
55027 52839
55055 52864
55150 52998
55270 53981
55279 53981
55287 53981
55358 53981
55503 53981
55516 53981
55578 53981
55653 53981
55743 53981
55919 54042
56137 54042
56279 54042
56422 54042
56639 54042
56754 54042
56981 54086
57048 54408
57102 54627
57206 54661
57526 54868
57542 54975
57649 55017
57861 55424
57922 55453
57983 55507
58093 55627
58286 55755
58368 55773
58487 56025
58523 56265
58529 56370
58640 56611
58778 56754
58794 56754
58823 56754
58829 56754
58994 56754
59068 56754
59124 56754
59397 56754
59595 56755
59608 57023
59610 57048
60004 57048
60007 57048
60054 57048
60131 57301
60140 57367
60182 57513
60271 57647
60309 58046
60617 58068
60660 58070
60764 58089
60777 58316
60854 58472
60860 58622
61002 58844
61020 58973
61087 59262
61339 59322
61365 59368
61423 59868
61514 59946
61624 59958
61667 60147
61812 60177
62129 60340
62134 60341
62197 60440
62447 60482
62498 60540
62527 60961
62549 61053
62601 61514
62746 61514
62817 61514
62829 61514
62970 61514
63017 61514
63030 61514
63064 61514
63077 61514
63082 61514
63280 61514
63357 61514
63558 61514
63574 61514
63627 61514
63686 61514
63711 61514
63757 61514
63993 61546
64064 61586
64133 61940
64155 61965
64164 62091
64217 62197
64405 62197
64462 62197
64601 62197
64617 62197
64851 62197
64853 62197
65110 62197
65176 62197
65187 62197
65288 62197
65344 62197
65385 62197
65407 62273
65534 62429
65570 62531
65595 62980
65689 62990
65851 63056
65901 63154
65968 63213
66111 63265
66246 63435
66290 63603
66463 64246
66529 64387
66584 65219
66638 65390
66716 65680
66738 65825
66781 65987
66808 66034
66872 66055
66943 66149
66979 66205
66993 66616
67090 66885
67245 66902
67391 66904
67556 66976
67639 66994
67646 67036
67661 67223
67773 67226
67800 67435
67895 67728
67905 67984
67931 68079
68148 68127
68341 68141
68476 68277
68505 68321
68642 68507
68700 68536
68738 68542
68755 68619
68843 68694
68922 68766
69172 68913
69265 69114
69288 69200
69349 69883
69551 70052
69636 70132
69664 70645
69734 70657
69770 70881
69884 70923
69994 71182
70002 71279
70265 71475
70370 71742
70485 71893
70518 72142
70553 72713
70704 72728
70735 72862
70834 73036
70843 73171
70874 73204
70878 73719
70975 73959
70979 74052
70987 74205
71019 74279
71139 74342
71211 74358
71227 74379
71276 74421
71320 74785
71338 75064
71354 75148
71468 75364
71798 75458
71837 75528
72340 75552
72348 75651
72376 75797
72385 75903
72399 75933
72510 75941
72582 76014
72767 76014
72890 76014
72956 76014
72998 76014
73034 76014
73078 76014
73260 76014
73261 76014
73438 76014
73441 76014
73463 76014
73535 76014
73623 76014
73780 76585
73891 76620
74115 76625
74242 76762
74311 76831
74410 76908
74538 76999
74703 77663
74887 77684
74928 77919
74982 77976
75025 77987
75037 78297
75319 78297
75600 78297
75864 78297
75972 78297
76014 78297
76067 78297
76119 78297
76122 78297
76136 78297
76264 78297
76344 78297
76351 78297
76552 78297
76679 78297
76921 78297
77060 78297
77088 78297
77104 78297
77692 78583
77889 78878
78038 78978
78114 79069
78127 79321
78285 79365
78297 79676
78378 79915
78423 80274
78502 80305
78588 80396
78776 80502
78788 80528
78837 80528
78977 80528
79103 80528
79110 80528
79137 80528
79174 80528
79183 80528
79287 80528
79339 80528
79558 80528
79815 80528
79933 80528
79961 80528
79996 80843
80036 81131
80152 81471
80154 81597
80176 81668
80289 81776
80475 81897
80528 81955
80613 82172
80846 82172
80877 82172
81017 82172
81097 82172
81121 82172
81327 82172
81332 82172
81338 82172
81357 82172
81524 82227
81559 82503
81667 82503
81737 82503
81962 82503
82143 82503
82172 82503
82201 82503
82265 82503
82372 82503
82455 82503
82503 82503
82589 82503
82677 82537
82694 82547
82892 82572
83098 82614
83123 82683
83208 83025
83232 83258
83254 83491
83327 83496
83357 83609
83451 83820
83502 83836
83540 83969
83566 84016
83622 84029
83635 84143
83861 84176
83951 84279
84207 84419
84225 84446
84334 84624
84382 84708
84448 84849
84452 84849
84521 84849
84657 84849
84692 84849
84849 84849
84952 84849
85119 84849
85142 84849
85268 84849
85466 85065
85535 85222
85625 85226
85709 85497
85735 85566
85770 85793
85773 85822
85841 86039
85914 86440
85924 86649
86030 86727
86153 86731
86189 86813
86234 86847
86292 86913
86753 87490
86809 87597
87102 87910
87148 87937
87329 88158
87410 88482
87512 88618
87576 88760
87580 88773
87611 89524
87672 89536
87909 89544
87916 89861
88102 89983
88379 90043
88442 90294
88603 90297
88896 90324
88985 90722
89016 90991
89147 91007
89427 91025
89502 91025
89562 91025
89641 91025
89754 91025
89764 91025
90265 91025
90379 91025
90547 91025
90559 91025
90636 91025
90656 91025
90964 91025
90989 91025
91025 91094
91071 91094
91094 91094
91096 91094
91408 91094
91439 91094
91489 91094
91570 91094
91638 91094
91673 91094
91693 91094
91703 91094
91821 91094
91904 91094
91908 91094
92019 91094
92170 91094
92199 91094
92373 91094
92388 91094
92494 91159
92587 91339
92692 91588
92716 92111
92731 92338
92782 92683
93133 92774
93158 92895
93171 93116
93276 93642
93281 93644
93615 93823
93620 93826
93718 93924
93766 94044
93944 94147
94073 94475
94200 94541
94222 94541
94271 94541
94408 94541
94541 94541
94639 94541
94661 94541
94668 94541
94903 94541
94942 94541
94959 94541
95039 94618
95141 94640
95279 94841
95334 94968
95450 95028
95490 95359
95669 96094
95673 96352
95887 96366
95967 96436
96013 97070
96243 97133
96317 97200
96318 97240
96452 97375
96465 97462
96547 97534
96648 97679
96697 97710
96720 97963
96925 98046
96979 98216
97466 98216
97561 98216
97606 98216
97626 98216
97661 98216
97800 98216
97920 98216
97936 98438
97988 98452
98174 98511
98216 98646
98427 98803
98550 98877
98564 98908
98665 99301
98689 99407
98751 99467
98970 99467
98978 99467
98990 99467
99022 99467
99190 99467
99279 99467
99280 99467
99428 99467
99467 99467
99478 99467
99490 99467
99546 99467
99552 99467
99598 99467
99664 99467
99803 99467
99830 99467
99845 99467
99892 99467
99897 99867
99986 99903
